name: bain_env
channels:
  - conda-forge
  - defaults
dependencies:
  - asttokens=2.4.1=pyhd8ed1ab_0
  - backcall=0.2.0=pyh9f0ad1d_0
  - ca-certificates=2024.3.11=haa95532_0
  - colorama=0.4.6=pyhd8ed1ab_0
  - comm=0.2.2=pyhd8ed1ab_0
  - debugpy=1.8.1=py38hd3f51b4_0
  - decorator=5.1.1=pyhd8ed1ab_0
  - executing=2.0.1=pyhd8ed1ab_0
  - importlib-metadata=7.1.0=pyha770c72_0
  - importlib_metadata=7.1.0=hd8ed1ab_0
  - ipykernel=6.29.3=pyha63f2e9_0
  - ipython=8.12.2=pyh08f2357_0
  - jedi=0.19.1=pyhd8ed1ab_0
  - jupyter_client=8.6.1=pyhd8ed1ab_0
  - jupyter_core=5.7.2=py38haa244fe_0
  - libffi=3.4.4=hd77b12b_1
  - libsodium=1.0.18=h8d14728_1
  - matplotlib-inline=0.1.7=pyhd8ed1ab_0
  - nest-asyncio=1.6.0=pyhd8ed1ab_0
  - openssl=3.3.0=hcfcfb64_0
  - packaging=24.0=pyhd8ed1ab_0
  - parso=0.8.4=pyhd8ed1ab_0
  - pickleshare=0.7.5=py_1003
  - platformdirs=4.2.1=pyhd8ed1ab_0
  - prompt-toolkit=3.0.42=pyha770c72_0
  - prompt_toolkit=3.0.42=hd8ed1ab_0
  - psutil=5.9.8=py38h91455d4_0
  - pure_eval=0.2.2=pyhd8ed1ab_0
  - pygments=2.17.2=pyhd8ed1ab_0
  - python=3.8.19=h1aa4202_0
  - python_abi=3.8=2_cp38
  - pywin32=306=py38hd3f51b4_2
  - pyzmq=26.0.2=py38h3c56b06_0
  - setuptools=68.2.2=py38haa95532_0
  - six=1.16.0=pyh6c4a22f_0
  - sqlite=3.45.3=h2bbff1b_0
  - stack_data=0.6.2=pyhd8ed1ab_0
  - tornado=6.4=py38h91455d4_0
  - traitlets=5.14.3=pyhd8ed1ab_0
  - typing_extensions=4.11.0=pyha770c72_0
  - ucrt=10.0.22621.0=h57928b3_0
  - vc=14.2=h21ff451_1
  - vc14_runtime=14.38.33130=h82b7239_18
  - vs2015_runtime=14.38.33130=hcb4865c_18
  - wcwidth=0.2.13=pyhd8ed1ab_0
  - wheel=0.41.2=py38haa95532_0
  - zeromq=4.3.5=he0c23c2_3
  - zipp=3.17.0=pyhd8ed1ab_0
  - pip:
      - cycler==0.12.1
      - flake8==7.0.0
      - joblib==1.4.0
      - kiwisolver==1.4.5
      - matplotlib==3.4.3
      - mccabe==0.7.0
      - numpy==1.21.2
      - pandas==1.3.3
      - pillow==10.3.0
      - pip==24.0
      - pycodestyle==2.11.1
      - pycodestyle-magic==0.5
      - pyflakes==3.2.0
      - pyparsing==3.1.2
      - python-dateutil==2.9.0.post0
      - pytz==2024.1
      - scikit-learn==0.24.2
      - scipy==1.10.1
      - seaborn==0.11.2
      - threadpoolctl==3.5.0
      - xgboost==1.4.2
prefix: C:\Users\lucas\AppData\Local\anaconda3\envs\bain_env
